#id	left	top	right	bottom
1	1	21	17	53	#idle left
2	1581	21	1597	53	#idle right

3	29	21	37	53	#walk left
4	46	21	62	53
5	63	21	79	53
6	1553	21	1569	53	#walk right
7	1536	21	1552	53
8	1519	21	1535	53

9	84	21	100	53	#jump/duck left
10	1498	21	1514	53	#jump/duck right

#climb stairs
11	154	21	170	53	#ascend left
12	171	21	187	53
13	1428	21	1444	53	#ascend right
14	1411	21	1427	53
15	211	21	227	53	#descend left
16	228	21	244	53
17	1371	21	1387	53	#descend right
18	1354	21	1370	53

19	275	21	291	53	#hurt left
20	1307	21	1323	53	#hurt right

21	308	21	324	53	#death left
22	325	21	357	37
23	1274	21	1290	53	#death right
24	1241	21	1273	37

25	362	21	378	53	#intro

#colors
26	406	21	422	53	#left
27	423	21	439	53	#purple
28	440	21	456	53	#yellow
29	457	21	473	53	#red
30	474	21	490	53	#white
31	1176	21	1192	53	#right
32	1159	21	1175	53	#purple
33	1142	21	1158	53	#yellow
34	1125	21	1141	53	#red
35	1108	21	1124	53	#white

#whip/use subweapon
36	1	78	25	110	#standing left
37	26	78	42	110
38	43	78	67	110
39	68	78	92	110
40	93	78	117	110
41	118	78	142	110
42	1573	78	1597	110	#standing right
43	1556	78	1572	110
44	1531	78	1555	110
45	1506	78	1530	110
46	1481	78	1505	110
47	1456	78	1480	110
48	147	78	171	110	#ducking left
49	172	78	188	110
50	189	78	213	110
51	214	78	238	110
52	239	78	263	110
53	264	78	287	110
54	1427	78	1451	110	#ducking right
55	1410	78	1426	110
56	1385	78	1409	110
57	1360	78	1384	110
58	1335	78	1359	110
59	1310	78	1334	110
60	293	78	317	110	#ascending stairs left
61	318	78	334	110
62	335	78	359	110
63	360	78	384	110
64	385	78	409	110
65	410	78	434	110
66	1281	78	1305	110	#ascending stairs right
67	1264	78	1280	110
68	1239	78	1263	110
69	1214	78	1238	110
70	1189	78	1213	110
71	1164	78	1188	110
72	439	78	463	110	#descending stairs left
73	464	78	480	110
74	481	78	505	110
75	506	78	530	110
76	531	78	555	110
77	556	78	580	110
78	1135	78	1159	110	#descending stairs right
79	1118	78	1134	110
80	1093	78	1117	110
81	1068	78	1092	110
82	1043	78	1067	110
83	1018	78	1042	110