# id	file_path	transparent_color_r	g	b
[TEXTURES]
0	textures\simonTexture.png	255	255	255
20	textures\misc.png	176	224	248
10	textures\enemies.png	3	26	110

# id	left	top	right	bottom	texture_id
[SPRITES]
# SIMON 
# right
# idle
11001	1581	21	1597	53	0
# walk
11002	1553	21	1569	53	0		
11003	1536	21	1552	53	0
11004	1519	21	1535	53	0
#jump/duck
11005	1498	21	1514	53
#hurt
11006	1307	21	1323	53
#death
11007	1274	21	1290	53
11008	1241	21	1273	37
#whip/use subweapon
#standing
11041	1573	78	1597	110	0
11042	1556	78	1572	110	0
11043	1531	78	1555	110	0
11044	1506	78	1530	110	0
11045	1481	78	1505	110	0
11046	1456	78	1480	110	0
#ducking
11051	1427	78	1451	110	0
11052	1410	78	1426	110	0
11053	1385	78	1409	110	0
11054	1360	78	1384	110	0
11055	1335	78	1359	110	0
11056	1310	78	1334	110	0

# left
# idle
10001	1	21	17	53	0
#walk
10002	29	21	37	53	0
10003	46	21	62	53	0
10004	63	21	79	53	0
#jump/duck
10005	84	21	100	53	0
#hurt
10006	275	21	291	53	0
# die 
10007	308	21	324	53	0
10008	325	21	357	37	0
#whip/use subweapon
#stading
10041	1	78	25	110	0
10042	26	78	42	110	0
10043	43	78	67	110	0
10044	68	78	92	110	0
10045	93	78	117	110	0
10046	118	78	142	110	0
#ducking
10051	147	78	171	110	0
10052	172	78	188	110	0
10053	189	78	213	110	0
10054	214	78	238	110	0
10055	239	78	263	110	0
10056	264	78	287	110	0


# SMALL MARIO
# idle small right
10021	247	0	259	15	0
# walk
10022	275	0	291	15	0
10023	306	0	320	15	0
# idle small left
10031	187	0	198	15	0
# walk
10032	155	0	170	15	0
10033	125	0	139	15	0
#BRICK
20001	408	225	424	241	20
#GOOMBA
30001	5	14	21	29	10
30002	25	14	41	29	10
#die
30003	45	21	61	29	10

#brick with question mark animation
40001	300	117	316	133	20
40002	318	117	334	133	20
40003	336	117	352	133	20
40004	355	117	370	133	20
						
# ani_id	sprite1_id	time1	sprite2_id	time2	...
[ANIMATIONS]

# delele this after changing state and setting buttons
#idle small right
402	10021	100
#idle small left
403	10031	100
#walk right small
502	10021	100	10022	100	10023	100
#walk left small
503	10031	100	10032	100	10033	100

# ==== SIMON =========
#idle BIG right
400	11001	100
#idle BIG left
401	10001	100

#walk right big
500	11001	100	11002	100	11003	100	11004	100
#walk left big
501	10001	100	10002	100	10003	100	10004	100

#jump/duck right
510	11005	100
#jump/duck left
511	10005	100

#hurt facing right
520	11006	100
#hurt facing left
521	10006	100

#standing whip/use weapon right
530	11041	100	11042	100	11043	100	11044	100	11045	100	11046	100
#standing whip/use weapon left
531	10041	100	10042	100	10043	100	10044	100	10045	100	10046	100

#ducking whip/use weapon right
540	11051	100	11052	100	11053	100	11054	100	11055	100	11056	100
#ducking whip/use weapon left
541	10051	100	10052	100	10053	100	10054	100	10055	100	10056	100

#die while facing right
598	11007	100	11008	100
#die while facing left
599	10007	100	10008	100




# ==== BRICK =========
601	20001	100

# ==== QUESTION MARK BRICK =========
602	40001	1000	40001	100	40002	100	40003	100	40004	100


# ==== GOOMBA  =========
# walk
701	30001	100	30002	100
# die
702	30003	100



#
# id	ani1	ani2	ani3
#
[ANIMATION_SETS]
# SIMON
1	400	401	402	403	500	501	502	503	510	511	520	521	530	531	540	541	598	599
# BRICK 
2	601
# QUESTION MARK BRICK 
22	602
# GOOMBA
3	701	702

[OBJECTS]
# type	x	y	ani_set_id	extra_settings per object type
# type: 0 = Mario , 1 = Brick, 2 = Goomba
# MARIO
0	50.0	0	1

# GOOMBA
2	200	135	3
2	260	135	3
2	320	135	3
2	480	135	3
2	500	135	3

# BRICK 
# --- platform (hint: I created the list using Excel!) ----
1	0	150	2
1	16	150	2
1	32	150	2
1	48	150	2
1	64	150	2
1	80	150	2
1	96	150	2
1	112	150	2
1	128	150	2
1	144	150	2
1	160	150	2
1	176	150	2
1	192	150	2
1	208	150	2
1	224	150	2
1	240	150	2
1	256	150	2
1	272	150	2
1	288	150	2
1	304	150	2
1	320	150	2
1	336	150	2
1	352	150	2
1	368	150	2
1	384	150	2
1	400	150	2
1	416	150	2
1	432	150	2
1	448	150	2

# ---- brick group 1 ----
1	100	74	2
1	100	90	22
1	84	90	22

# ---- brick group 2 ----
1	160	74	2
1	160	90	22
1	144	90	22

# ---- brick group 3 ----
1	220	74	2
1	220	90	22
1	204	90	22

# --- SCENE PORTAL ----
# type	l	t	ani_set_id	r	b	scene_id
50	300	98	0	316	150	2

