# id	file_path	transparent_color_r	g	b
[TEXTURES]
0	..\Resources\Texture\simon.png	255	0	255
1	..\Resources\Texture\simon-death.png	255	0	255
10	..\Resources\Texture\intro_scene_2.png	255	255	255
11	..\Resources\Texture\intro_bat.png	255	255	255
12	..\Resources\Texture\helicopter.png	255	0	255
50	..\Resources\Texture\whip.png	255	0	255

# id	left	top	right	bottom	texture_id
[SPRITES]
#INTRO SCENE 2
0	0	0	512	448	10
#INTRO BAT
1	0	0	16	16	11
2	16	0	32	16	11
#HELICOPTER
3	0	0	64	28	12

#SIMON
#intro
10000	60	66	120	132	0
# left
# idle
10001	0	0	60	66	0
#walk
10002	60	0	120	66	0
10003	120	0	180	66	0
#jump/duck
10004	240	0	300	66	0
#hurt
10005	900	66	960	132	0
#death
10006	0	0	64	68	1
#stair
#up
10011	60	0	120	66	0
10012	240	66	300	132	0
#down
10016	60	0	120	66	0
10017	120	66	180	132	0
#whip/use subweapon
#standing
10021	300	0	360	66	0
10022	361	0	421	66	0
10023	420	0	480	66	0
#ducking
10026	420	66	480	132	0
10027	-1	132	59	198	0
10028	61	132	121	198	0
#uping
10031	300	132	360	198	0
10032	360	132	420	198	0
10033	420	132	480	198	0
#downing
10036	120	132	180	198	0
10037	180	132	240	198	0
10038	240	132	300	198	0

# right
# idle
11001	900	0	960	66	0
# walk
11002	840	0	900	66	0
11003	780	0	840	66	0
#jump/duck
11004	660	0	720	66	0
#hurt
11005	0	66	60	132	0
#death
11006	64	0	128	68	1
#stair
#up
11011	840	0	900	66	0
11012	660	66	720	132	0
#down
11016	840	0	900	66	0
11017	780	66	840	132	0
#whip/use subweapon
#standing
11021	600	0	660	66	0
11022	539	0	599	66	0
11023	480	0	540	66	0
#ducking
11026	480	66	540	132	0
11027	901	132	961	198	0
11028	839	132	899	198	0
#uping
11031	600	132	660	198	0
11032	540	132	600	198	0
11033	480	132	540	198	0
#downing
11036	780	132	840	198	0
11037	720	132	780	198	0
11038	660	132	720	198	0

#WEAPON
#whip
#left
#lv1
50001	0	0	160	68	50
50002	160	0	320	68	50
50003	320	0	480	68	50
#lv2
50006	0	68	160	136	50
50007	160	68	320	136	50
50008	320	68	480	136	50
#lv3
50011	0	136	160	204	50
50012	160	136	320	204	50
50013	320	136	480	204	50
#right
#lv1
51001	1120	0	1280	68	50
51002	960	0	1120	68	50
51003	800	0	960	68	50
#lv2
51006	1120	68	1280	136	50
51007	960	68	1120	136	50
51008	800	68	960	136	50
#lv3
51011	1120	136	1280	204	50
51012	960	136	1120	204	50
51013	800	136	960	204	50

# ani_id	sprite1_id	time1	sprite2_id	time2	...
[ANIMATIONS]
#INTRO SCENE 2
0	0	100
#INTRO BAT
1	1	100	2	100
#HELICOPTER
2	3	100

# ==== SIMON =========
#idle left
101	10001	100
#idle right
102	11001	100

#walk left
103	10001	100	10002	100	10003	100
#walk right
104	11001	100	11002	100	11003	100

#jump/duck left
105	10004	100
#jump/duck right
106	11004	100

#hurt left
107	10005	100
#hurt right
108	11005	100

#death left
109	10006	100
#death right
110	11006	100

#stair up left
111	10011	100	10012	100
#stair up right
112	11011	100	11012	100

#stair down left
113	10016	100	10017	100
#stair down right
114	11016	100	11017	100

#attack
#standing left
115	10021	100	10022	120	10023	130
#standing right
116	11021	100	11022	120	11023	130
#ducking left
117	10026	100	10027	120	10028	130
#ducking right
118	11026	100	11027	120	11028	130
#uping left
119	10031	100	10032	100	10033	100
#uping right
120	11031	100	11032	100	11033	100
#downing left
121	10036	100	10037	100	10038	100
#downing right
122	11036	100	11037	100	11038	100

# ==== WEAPON =========
#WHIP
#left
501	50001	100	50002	120	50003	130
502	50006	100	50007	120	50008	130
503	50011	100	50012	120	50013	130
#right
511	51001	100	51002	120	51003	130
512	51006	100	51007	120	51008	130
513	51011	100	51012	120	51013	130

# id	ani1	ani2	ani3
[ANIMATION_SETS]
#INTRO SCENE 2
2	0
#INTRO BAT
3	1
#HELICOPTER
4	2
#WEAPON
5	501	502	503	511	512	513
# SIMON
1	101	102	103	104	105	106	107	108	109	110	111	112	113	114	115	116	117	118	119	120	121	122

[OBJECTS]
# type	x	y	ani_set_id	extra_settings per object type
# type: 0 = Simon , 40 = intro scene 2, 41 = intro bat, 42 = helicopter
# SIMON
0	0	0	1


