# id	file_path	transparent_color_r	g	b
[TEXTURES]
0	..\Resources\Texture\simon.png	255	0	255
1	..\Resources\Texture\simon-death.png	255	0	255
20	..\Resources\Texture\floor_2.png	255	255	255
22	..\Resources\Texture\4_small_bricks.png	255	255	255
23	..\Resources\Texture\3_small_bricks.png	255	255	255
30	..\Resources\Texture\holder.png	255	0	255
40	..\Resources\Texture\item.png	255	0	255
50	..\Resources\Texture\whip.png	255	0	255
51	..\Resources\Texture\dagger.png	255	0	255
52	..\Resources\Texture\holy_water.png	255	0	255
53	..\Resources\Texture\axe.png	255	0	255
70	..\Resources\Texture\burn.png	255	0	255
71	..\Resources\Texture\effect400.png	255	0	255
72	..\Resources\Texture\effect700.png	255	0	255
73	..\Resources\Texture\effect1000.png	255	0	255
74	..\Resources\Texture\hit-effect.png	255	0	255
75	..\Resources\Texture\blink-effect.png	0	0	0
80	..\Resources\Texture\font.png	255	0	255
81	..\Resources\Texture\heal.png	0	0	0
90	..\Resources\Texture\door.png	255	0	255
200	..\Resources\Texture\texture-map-2.png	255	255	255
100	..\Resources\Texture\enemy_bullet.png	255	0	255
# id	left	top	right	bottom	texture_id
[SPRITES]
#MAP2
2001	0	0	32	32 	200
2002	32	0	64	32	200
2003	64	0	96	32	200
2004	96	0	128	32	200
2005	128	0	160	32	200
2006	160	0	192	32	200
2007	192	0	224	32	200
2008	224	0	256	32	200
2009	256	0	288	32	200
2010	288	0	320	32	200
2011	320	0	352	32	200
2012	352	0	384	32	200
2013	384	0	416	32	200
2014	416	0	448	32	200
2015	448	0	480	32	200
2016	480	0	512	32	200
2017	512	0	544	32	200
2018	0	32	32	64	200
2019	32	32	64	64	200
2020	64	32	96	64	200
2021	96	32	128	64	200
2022	128	32	160	64	200
2023	160	32	192	64	200
2024	192	32	224	64	200
2025	224	32	256	64	200
2026	256	32	288	64	200
2027	288	32	320	64	200
2028	320	32	352	64	200
2029 	352	32	384	64	200
2030	384	32	416	64	200
2031	416	32	448	64	200
2032	448	32	480	64	200
2033	480	32	512	64	200
2034	512	32	544	64	200
2035	0	64	32	96	200
2036	32	64	64	96	200
2037	64	64	96	96	200
2038	96	64	128	96	200
2039	128	64	160	96	200
2040	160	64	192	96	200
2041	192	64	224	96	200
2042	224	64	256	96	200
2043	256	64	288	96	200
2044	288	64	320	96	200
2045	320	64	352	96	200
2046	352	64	384	96	200
2047	384	64	416	96	200
2048	416	64	448	96	200
2049	448	64	480	96	200
2050	480	64	512	96	200
2051	512	64	544	96	200
2052	0	96	32	128	200
2053	32	96	64	128	200
2054	64	96	96	128	200
2055	96	96	128	128	200
2056	128	96	160	128	200
2057	160	96	192	128	200
2058	192	96	224	128	200
2059	224	96	256	128	200
2060	256	96	288	128	200
2061	288	96	320	128	200
2062	320	96	352	128	200
2063	352	96	384	128	200
2064	384	96	416	128	200
2065	416	96	448	128	200
2066	448	96	480	128	200
2067	480	96	512	128	200
2068	512	96	544	128	200
2069	0	128	32	160	200
2070	32	128	64	160	200
2071	64	128	96	160	200
2072	96	128	128	160	200
2073	128	128	160	160	200
2074	160	128	192	160	200
2075	192	128	224	160	200
2076	224	128	256	160	200
2077	256	128	288	160	200
2078	288	128	320	160	200
2079	320	128	352	160	200
2080	352	128	384	160	200
2081	384	128	416	160	200
2082	416	128	448	160	200
2083	448	128	480	160	200
2084	480	128	512	160	200
2085	512	128	544	160	200
2086	0	160	32	192	200
2087	32	160	64	192	200
2088	64	160	96	192	200
2089	96	160	128	192	200
2090	128	160	160	192	200
2091	160	160	192	192	200
2092	192	160	224	192	200
2093	224	160	256	192	200
2094	256	160	288	192	200
2095	288	160	320	192	200
2096	320	160	352	192	200
2097	352	160	384	192	200
2098	384	160	416	192	200
2099	416	160	448	192	200
2100	448	160	480	192	200
2101	480	160	512	192	200
2102	512	160	544	192	200

#SIMON
#intro
10000	60	66	120	132	0
# left
# idle
10001	0	0	60	66	0
#walk
10002	60	0	120	66	0
10003	120	0	180	66	0
#jump/duck
10004	240	0	300	66	0
#hurt
10005	900	66	960	132	0
#death
10006	0	0	64	68	1
#stair
#up
10011	60	0	120	66	0
10012	240	66	300	132	0
#down
10016	60	0	120	66	0
10017	120	66	180	132	0
#whip/use subweapon
#standing
10021	300	0	360	66	0
10022	361	0	421	66	0
10023	420	0	480	66	0
#ducking
10026	420	66	480	132	0
10027	-1	132	59	198	0
10028	61	132	121	198	0
#uping
10031	300	132	360	198	0
10032	360	132	420	198	0
10033	420	132	480	198	0
#downing
10036	120	132	180	198	0
10037	180	132	240	198	0
10038	240	132	300	198	0

# right
# idle
11001	900	0	960	66	0
# walk
11002	840	0	900	66	0
11003	780	0	840	66	0
#jump/duck
11004	660	0	720	66	0
#hurt
11005	0	66	60	132	0
#death
11006	64	0	128	68	1
#stair
#up
11011	840	0	900	66	0
11012	660	66	720	132	0
#down
11016	840	0	900	66	0
11017	780	66	840	132	0
#whip/use subweapon
#standing
11021	600	0	660	66	0
11022	539	0	599	66	0
11023	480	0	540	66	0
#ducking
11026	480	66	540	132	0
11027	901	132	961	198	0
11028	839	132	899	198	0
#uping
11031	600	132	660	198	0
11032	540	132	600	198	0
11033	480	132	540	198	0
#downing
11036	780	132	840	198	0
11037	720	132	780	198	0
11038	660	132	720	198	0


#FLOOR
20001	0	0	33	29	20

#SMALL BRICK
20002	0	160	16	176	200

#4 SMALL BRICKS
20003	0	0	32	32	22

#3 SMALL BRICKS
20004	0	0	32	32	23

#HOLDERS
#FIREPOT
30001	0	0	32	64	30
30002	32	0	64	64	30
#CANDLES
30006	64	0	80	32	30
30007	80	0	96	32	30
#effect
30011	0	0	16	20	74
30012	43	0	85	44	70

#ITEM
#small heart
40001	0	0	16	16	40
#big heart
40002	16	0	40	20	40
#money bag
#red
40006	40	0	70	30	40
#white
40007	70	0	100	30	40
#blue
40008	100	0	130	30	40
#whip 
40011	130	0	162	32	40
#Stop watch
40012	194	0	224	32	40
#dagger
40016	162	0	194	18	40

#Cross
40018	224	0	256	32	40

#Holy water item
40019	30	32	62	64	40
#Chicken thigh
40020	62	32	94	58	40
#Axe
40021	256	0	286	28	40
#Ord
40022	234	34	258	62	40
40023	260	34	258	62	40
#Double Shot
40024	94	32	122	60	40

#WEAPON
#whip
#left
#lv1
50001	0	0	160	68	50
50002	160	0	320	68	50
50003	320	0	480	68	50
#lv2
50006	0	68	160	136	50
50007	160	68	320	136	50
50008	320	68	480	136	50
#lv3
50011	0	136	160	204	50
50012	160	136	320	204	50
50013	320	136	480	204	50
#right
#lv1
51001	1120	0	1280	68	50
51002	960	0	1120	68	50
51003	800	0	960	68	50
#lv2
51006	1120	68	1280	136	50
51007	960	68	1120	136	50
51008	800	68	960	136	50
#lv3
51011	1120	136	1280	204	50
51012	960	136	1120	204	50
51013	800	136	960	204	50
#dagger
#left
50016	0	0	32	18	51
#right
51016	32	0	64	18	51

#Holy water
#Holy water throw
#Left
50017	8	4	24	20	52
#Right
51017	136	4	152	20	52
#Using effect
50018	32	0	64	26	52
50019	64	0	96	26	52
50020	96	0	128	26	52

#Axe
#Left
50021	210	0	240	28	53
50022	180	0	210	28	53
50023	150	0	180	28	53
50024	120	0	150	28	53
#Right
51021	0	0	30	28	53
51022	30	0	60	28	53
51023	60	0	90	28	53
51024	90	0	120	28	53

#enemy_bullet
50030	0	0	10	12	100
#Effect
#Burn
70000	18	10	24	36	70
70001	58	12	70	36	70
70002	98	6	114	36	70

#400 effect
70010	0	1	29	17	71

#700 effect
70020	1	1	29	17	72

#1000 effect
70030	0	1	37	17	73

#hit effect
70040	0	0	16	20	74

#Board element
#Character
#A
80000	1	1	14	14	80
#B
80001	16	1	29	14	80
#C
80002	31	1	44	14	80
#D
80003	46	1	59	14	80
#E
80004	63	1	74	14	80
#F
80005	76	1	89	14	80
#G
80006	91	1	104	14	80
#H
80007	106	1	119	14	80
#I
80008	123	1	134	14	80
#J
80009	136	1	149	14	80
#K
80010	151	1	164	14	80
#L
80011	168	1	179	14	80
#M
80012	181	1	194	14	80
#N
80013	1	15	14	28	80
#O
80014	16	15	29	28	80
#P
80015	31	15	44	28	80
#Q
80016	46	15	59	28	80
#R
80017	63	15	74	28	80
#S
80018	76	15	89	28	80
#T
80019	91	15	104	28	80
#U
80020	106	15	119	28	80
#V
80021	123	15	134	28	80
#W
80022	136	15	149	28	80
#X
80023	151	15	164	28	80
#Y
80024	168	15	179	28	80
#Z
80025	181	15	194	28	80

#0
80026	1	29	14	42	80
#1
80027	18	29	29	42	80
#2
80028	31	29	44	42	80
#3
80029	46	29	59	42	80
#4
80030	61	29	74	42	80
#5
80031	76	29	89	42	80
#6
80032	91	29	104	42	80
#7
80033	106	29	119	42	80
#8
80034	121	29	134	42	80
#9
80035	136	29	149	42	80
#-
80036	153	34	162	36	80

#Health
#Red
80037	0	0	10	17	81

#Orange
80038	22	0	32	17	81

#Door
#Closed
90000	3	0	19	96	90

#Opening
90001	48	0	80	96	90

#Opened
90002	96	0	176	96	90

#mapID	filematrix map
[MAPMATRIX]

#MAP2
2	..\Resources\Text\matrix-map-2.txt
# ani_id	sprite1_id	time1	sprite2_id	time2	...
[ANIMATIONS]

# ==== SIMON =========
#idle left
101	10001	100
#idle right
102	11001	100

#walk left
103	10001	100	10002	100	10003	100
#walk right
104	11001	100	11002	100	11003	100

#jump/duck left
105	10004	100
#jump/duck right
106	11004	100

#hurt left
107	10005	100
#hurt right
108	11005	100

#death left
109	10006	100
#death right
110	11006	100

#stair up left
111	10011	100	10012	100
#stair up right
112	11011	100	11012	100

#stair down left
113	10016	100	10017	100
#stair down right
114	11016	100	11017	100

#attack
#standing left
115	10021	100	10022	120	10023	130
#standing right
116	11021	100	11022	120	11023	130
#ducking left
117	10026	100	10027	120	10028	130
#ducking right
118	11026	100	11027	120	11028	130
#uping left
119	10031	100	10032	100	10033	100
#uping right
120	11031	100	11032	100	11033	100
#downing left
121	10036	100	10037	100	10038	100
#downing right
122	11036	100	11037	100	11038	100


# ==== FLOOR =========
201	20001	100

# ==== SMALL BRICK ====
202	20002	100

# ==== 4 SMALL BRICKS ====
203	20003	100

# ==== 3 SMALL BRICKS ====
204	20004	100

# ==== HOLDER =========
#fire pot
301	30001	100	30002	100
#candle
302	30006	100	30007	100
#break
303	30011	100	30012	100

# ==== ITEMS=========
#small heart
401	40001	100
#big heart
402	40002	100
#money bag
#red
406	40006	100
#white
407	40007	100
#blue
408	40008	100
#whip
411	40011	100
#Stop watch
412	40012	100
#dagger
416	40016	100
#Cross
417	40018	100
#Holy water
418	40019	100
#Chicken thigh
419	40020	100
#Axe
420	40021	100
#Ord
421	40022	100	40023	100
#Double Shot
422	40024	100
# ==== WEAPON =========
#whip
#left
501	50001	100	50002	120	50003	130
502	50006	100	50007	120	50008	130
503	50011	100	50012	120	50013	130
#right
511	51001	100	51002	120	51003	130
512	51006	100	51007	120	51008	130
513	51011	100	51012	120	51013	130
#dagger
#left
504	50016	100
#right
514	51016	100
#Holy water
#throw
#left
505	50017	100
#right
515	51017	100
# using
506	50018	100	50019	100	50020	100	50019	100

#Axe
#Left
507	50021	100	50022	100	50023	100	50024	100
#Right
517	51021	100	51022	100	51023	100	51024	100

#enemy_bullet
508	50030	100
# ==== EFFECT =========
#Burn
700	70000	100	70001	100	70002	100

#400 effect
701	70010	100
#700 effect
702	70020	100
#1000 effect
703	70030	100

#hit effect
704	70040	100

# ==== BOARD ELEMENT =========
#Character
#A
800	80000	100

#B
801	80001	100

#C
802	80002	100

#D
803	80003	100

#E
804	80004	100

#F
805	80005	100

#G
806	80006	100

#H
807	80007	100

#I
808	80008	100

#J
809	80009	100

#K
810	80010	100

#L
811	80011	100

#M
812	80012	100

#N
813	80013	100

#O
814	80014	100

#P
815	80015	100

#Q
816	80016	100

#R
817	80017	100

#S
818	80018	100

#T
819	80019	100

#U
820	80020	100

#V
821	80021	100

#W
822	80022	100

#X
823	80023	100

#Y
824	80024	100

#Z
825	80025	100

#0
826	80026	100

#1
827	80027	100

#2
828	80028	100

#3
829	80029	100

#4
830	80030	100

#5
831	80031	100

#6
832	80032	100

#7
833	80033	100

#8
834	80034	100

#9
835	80035	100

#-
836	80036	100

#Health
#Red
837	80037	100
#Orange
838	80038	100

# ==== DOOR =========
#Closed
900	90000	100
#Opening
901	90001	100
#Opened
902	90002	100



#
# id	ani1	ani2	ani3
#
[ANIMATION_SETS]
# SIMON
1	101	102	103	104	105	106	107	108	109	110	111	112	113	114	115	116	117	118	119	120	121	122
# FLOOR 
2	201
# HOLDER
3	301	302	303
# ITEMS
4	401	402	406	407	408	411	412	416	417	418	419	420	421	422
#WEAPON
5	501	502	503	511	512	513	504	514	505	515	506	507	517	508
#EFFECT
7	700	701	702	703	704
#BOARD
8	800	801	802	803	804	805	806	807	808	809	810	811	812	813	814	815	816	817	818	819	820	821	822	823	824	825	826	827	828	829	830	831	832	833	834	835	836	837	838
#DOOR
9	900	901	902
# SMALL BRICK
10	202
# BROKEN BRICK
11	201	203	204

[OBJECTS]
# type	x	y	ani_set_id	extra_settings per object type

# 0 = Simon , 1 = Brick, 3 = Firepot, 4 = Candle, 5 = BrickGroup, 6=Door, 8=Broken Brick, 9=Small Brick Group

# BRICK 
# --- platform (hint: I created the list using Excel!) ----
1	0	441	2

# ---- Candle ----
4	55	378	3	11
4	183	314	3	6
4	311	378	3	3
4	439	314	3	7
4	567	378	3	5
4	693	314	3	0
4	821	378	3	0
4	949	314	3	0
4	1077	378	3	0
4	1205	314	3	0
4	1333	186	3	0
4	1461	378	3	3
4	1589	122	3	10
4	1717	186	3	1
4	1845	378	3	3
4	1973	186	3	0
4	2101	378	3	0
4	2229	378	3	0
4	2357	378	3	0
4	2485	378	3	0
4	2613	378	3	0
4	2741	314	3	0
4	2869	186	3	0
4	2997	122	3	9
4	3127	378	3	3
4	3255	186	3	1
4	3383	154	3	0
4	3511	314	3	0

#BRICK GROUPS
5	1376	311	2	3
5	1504	247	2	10
5	1856	311	2	6
5	2784	247	2	9
5	3072	247	2	8
5	3328	311	2	3

#SMALL BRICK GROUP
9	3056	120	10	2	1
9	3056	280	10	10	1
9	3072	120	10	2	1
9	3072	280	10	10	1
9	3584	280	10	6	1
9	3584	457	10	8	0
9	3584	441	10	8	0
9	3600	280	10	7	0
9	3616	376	10	4	1
9	3696	312	10	8	1
9	4080	280	10	10	1

#DOOR
6	3056	152	9	1

#BROKEN_BRICK
8	3584	376	11	1	-1
8	3584	408	11	2	10
8	2016	312	11	0	4

# SIMON
0	50.0	350	1

# --- SCENE PORTAL ----
# type	l	t	ani_set_id	r	b	scene_id
#50	300	98	0	316	150	2
[ENEMY]
0	..\Resources\Text\Enemy.txt
