[TEXTURES]
0	..\Resources\Texture\simon.png	255	0	255
1	..\Resources\Texture\simon-death.png	255	0	255

# id	left	top	right	bottom	texture_id
[SPRITES]
#SIMON
#intro
10000	60	66	120	132	0
# left
# idle
10001	0	0	60	66	0
#walk
10002	60	0	120	66	0
10003	120	0	180	66	0
#jump/duck
10004	240	0	300	66	0
#hurt
10005	900	66	960	132	0
#death
10006	0	0	64	68	1
#stair
#up
10011	60	0	120	66	0
10012	240	66	300	132	0
#down
10016	60	0	120	66	0
10017	120	66	180	132	0
#whip/use subweapon
#standing
10021	300	0	360	66	0
10022	361	0	421	66	0
10023	420	0	480	66	0
#ducking
10026	420	66	480	132	0
10027	-1	132	59	198	0
10028	61	132	121	198	0
#uping
10031	300	132	360	198	0
10032	360	132	420	198	0
10033	420	132	480	198	0
#downing
10036	120	132	180	198	0
10037	180	132	240	198	0
10038	240	132	300	198	0

# right
# idle
11001	900	0	960	66	0
# walk
11002	840	0	900	66	0
11003	780	0	840	66	0
#jump/duck
11004	660	0	720	66	0
#hurt
11005	0	66	60	132	0
#death
11006	64	0	128	68	1
#stair
#up
11011	840	0	900	66	0
11012	660	66	720	132	0
#down
11016	840	0	900	66	0
11017	780	66	840	132	0
#whip/use subweapon
#standing
11021	600	0	660	66	0
11022	539	0	599	66	0
11023	480	0	540	66	0
#ducking
11026	480	66	540	132	0
11027	901	132	961	198	0
11028	839	132	899	198	0
#uping
11031	600	132	660	198	0
11032	540	132	600	198	0
11033	480	132	540	198	0
#downing
11036	780	132	840	198	0
11037	720	132	780	198	0
11038	660	132	720	198	0

# ani_id	sprite1_id	time1	sprite2_id	time2	...
[ANIMATIONS]
# ==== SIMON =========
#idle left
101	10001	100
#idle right
102	11001	100

#walk left
103	10001	100	10002	100	10003	100
#walk right
104	11001	100	11002	100	11003	100

#jump/duck left
105	10004	100
#jump/duck right
106	11004	100

#hurt left
107	10005	100
#hurt right
108	11005	100

#death left
109	10006	100
#death right
110	11006	100

#stair up left
111	10011	100	10012	100
#stair up right
112	11011	100	11012	100

#stair down left
113	10016	100	10017	100
#stair down right
114	11016	100	11017	100

#attack
#standing left
115	10021	100	10022	120	10023	130
#standing right
116	11021	100	11022	120	11023	130
#ducking left
117	10026	100	10027	120	10028	130
#ducking right
118	11026	100	11027	120	11028	130
#uping left
119	10031	100	10032	100	10033	100
#uping right
120	11031	100	11032	100	11033	100
#downing left
121	10036	100	10037	100	10038	100
#downing right
122	11036	100	11037	100	11038	100

#
# id	ani1	ani2	ani3
#
[ANIMATION_SETS]
# SIMON
1	101	102	103	104	105	106	107	108	109	110	111	112	113	114	115	116	117	118	119	120	121	122

[OBJECTS]
# type	x	y	ani_set_id	extra_settings per object type
# type: 0 = Mario , 1 = Brick, 2 = Goomba, 3 = FirePot
# SIMON
0	1000	0	1