[TEXTURES]
50	..\Resources\Texture\whip.png	255	0	255
51	..\Resources\Texture\dagger.png	255	0	255
[SPRITES]
#WEAPON
#whip
#left
#lv1
50001	0	0	160	68	50
50002	160	0	320	68	50
50003	320	0	480	68	50
#lv2
50006	0	68	160	136	50
50007	160	68	320	136	50
50008	320	68	480	136	50
#lv3
50011	0	136	160	204	50
50012	160	136	320	204	50
50013	320	136	480	204	50
#right
#lv1
51001	1120	0	1280	68	50
51002	960	0	1120	68	50
51003	800	0	960	68	50
#lv2
51006	1120	68	1280	136	50
51007	960	68	1120	136	50
51008	800	68	960	136	50
#lv3
51011	1120	136	1280	204	50
51012	960	136	1120	204	50
51013	800	136	960	204	50
#dagger
#left
50016	0	0	32	18	51
#right
51016	32	0	64	18	51

#ani_id	sprite1_id	time1	sprite2_id	time2	...
[ANIMATIONS]
# ==== WEAPON =========
#whip
#left
501	50001	100	50002	120	50003	130
502	50006	100	50007	120	50008	130
503	50011	100	50012	120	50013	130
#right
511	51001	100	51002	120	51003	130
512	51006	100	51007	120	51008	130
513	51011	100	51012	120	51013	130
#dagger
#left
504	50016	10
#right
514	51016	100

[ANIMATION_SETS]
#WEAPON
5	501	502	503	511	512	513	504	514