# id	file_path	transparent_color_r	g	b
[TEXTURES]
0	textures\simon.png	255	0	255
1	textures\simon-death.png	255	0	255
20	textures\floor.png	255	255	255
30	textures\holder.png	255	0	255
31	textures\hit-effect.png	255	0	255
32	textures\burn.png	255	0	255
40	textures\item.png	255	0	255
50	textures\whip.png	255	0	255
51	textures\dagger.png	255	0	255
100	textures\texture-map-1.png	255	255	255
200	textures\texture-map-2.png	255	255	255
# id	left	top	right	bottom	texture_id
[SPRITES]
#MAP2
2001	0	0	32	32 	200
2002	32	0	64	32	200
2003	64	0	96	32	200
2004	96	0	128	32	200
2005	128	0	160	32	200
2006	160	0	192	32	200
2007	192	0	224	32	200
2008	224	0	256	32	200
2009	256	0	288	32	200
2010	288	0	320	32	200
2011	320	0	352	32	200
2012	352	0	384	32	200
2013	384	0	416	32	200
2014	416	0	448	32	200
2015	448	0	480	32	200
2016	480	0	512	32	200
2017	512	0	544	32	200
2018	0	32	32	64	200
2019	32	32	64	64	200
2020	64	32	96	64	200
2021	96	32	128	64	200
2022	128	32	160	64	200
2023	160	32	192	64	200
2024	192	32	224	64	200
2025	224	32	256	64	200
2026	256	32	288	64	200
2027	288	32	320	64	200
2028	320	32	352	64	200
2029 	352	32	384	64	200
2030	384	32	416	64	200
2031	416	32	448	64	200
2032	448	32	480	64	200
2033	480	32	512	64	200
2034	512	32	544	64	200
2035	0	64	32	96	200
2036	32	64	64	96	200
2037	64	64	96	96	200
2038	96	64	128	96	200
2039	128	64	160	96	200
2040	160	64	192	96	200
2041	192	64	224	96	200
2042	224	64	256	96	200
2043	256	64	288	96	200
2044	288	64	320	96	200
2045	320	64	352	96	200
2046	352	64	384	96	200
2047	384	64	416	96	200
2048	416	64	448	96	200
2049	448	64	480	96	200
2050	480	64	512	96	200
2051	512	64	544	96	200
2052	0	96	32	128	200
2053	32	96	64	128	200
2054	64	96	96	128	200
2055	96	96	128	128	200
2056	128	96	160	128	200
2057	160	96	192	128	200
2058	192	96	224	128	200
2059	224	96	256	128	200
2060	256	96	288	128	200
2061	288	96	320	128	200
2062	320	96	352	128	200
2063	352	96	384	128	200
2064	384	96	416	128	200
2065	416	96	448	128	200
2066	448	96	480	128	200
2067	480	96	512	128	200
2068	512	96	544	128	200
2069	0	128	32	160	200
2070	32	128	64	160	200
2071	64	128	96	160	200
2072	96	128	128	160	200
2073	128	128	160	160	200
2074	160	128	192	160	200
2075	192	128	224	160	200
2076	224	128	256	160	200
2077	256	128	288	160	200
2078	288	128	320	160	200
2079	320	128	352	160	200
2080	352	128	384	160	200
2081	384	128	416	160	200
2082	416	128	448	160	200
2083	448	128	480	160	200
2084	480	128	512	160	200
2085	512	128	544	160	200
2086	0	160	32	192	200
2087	32	160	64	192	200
2088	64	160	96	192	200
2089	96	160	128	192	200
2090	128	160	160	192	200
2091	160	160	192	192	200
2092	192	160	224	192	200
2093	224	160	256	192	200
2094	256	160	288	192	200
2095	288	160	320	192	200
2096	320	160	352	192	200
2097	352	160	384	192	200
2098	384	160	416	192	200
2099	416	160	448	192	200
2100	448	160	480	192	200
2101	480	160	512	192	200
2102	512	160	544	192	200

#SIMON
#intro
10000	60	66	120	132	0
# left
# idle
10001	0	0	60	66	0
#walk
10002	60	0	120	66	0
10003	120	0	180	66	0
#jump/duck
10004	240	0	300	66	0
#hurt
10005	900	66	960	132	0
#death
10006	0	0	64	68	1
#stair
#up
10011	60	0	120	66	0
10012	240	66	300	132	0
#down
10016	60	0	120	66	0
10017	120	66	180	132	0
#whip/use subweapon
#standing
10021	300	0	360	66	0
10022	361	0	421	66	0
10023	420	0	480	66	0
#ducking
10026	420	66	480	132	0
10027	-1	132	59	198	0
10028	61	132	121	198	0
#uping
10031	300	132	360	198	0
10032	360	132	420	198	0
10033	420	132	480	198	0
#downing
10036	120	132	180	198	0
10037	180	132	240	198	0
10038	240	132	300	198	0

# right
# idle
11001	900	0	960	66	0
# walk
11002	840	0	900	66	0
11003	780	0	840	66	0
#jump/duck
11004	660	0	720	66	0
#hurt
11005	0	66	60	132	0
#death
11006	64	0	128	68	1
#stair
#up
11011	840	0	900	66	0
11012	660	66	720	132	0
#down
11016	840	0	900	66	0
11017	780	66	840	132	0
#whip/use subweapon
#standing
11021	600	0	660	66	0
11022	539	0	599	66	0
11023	480	0	540	66	0
#ducking
11026	480	66	540	132	0
11027	901	132	961	198	0
11028	839	132	899	198	0
#uping
11031	600	132	660	198	0
11032	540	132	600	198	0
11033	480	132	540	198	0
#downing
11036	780	132	840	198	0
11037	720	132	780	198	0
11038	660	132	720	198	0


#FLOOR
20001	1536	0	1568	32	20

#HOLDERS
#FIREPOT
30001	0	0	32	64	30
30002	32	0	64	64	30
#effect
30011	0	0	16	20	31
30012	43	0	85	44	32

#ITEM
#small heart
40001	0	0	16	16	40
#big heart
40002	16	0	40	20	40
#money bag
#red
40006	40	0	70	30	40
#white
40007	70	0	100	30	40
#blue
40008	100	0	130	30	40
#whip
#red
40011	130	0	162	32	40
#blue
40012	194	0	224	32	40
#dagger
40016	162	0	194	18	40

#WEAPON
#whip
#left
#lv1
50001	0	0	160	68	50
50002	160	0	320	68	50
50003	320	0	480	68	50
#lv2
50006	0	68	160	136	50
50007	160	68	320	136	50
50008	320	68	480	136	50
#lv3
50011	0	136	160	204	50
50012	160	136	320	204	50
50013	320	136	480	204	50
#right
#lv1
51001	1120	0	1280	68	50
51002	960	0	1120	68	50
51003	800	0	960	68	50
#lv2
51006	1120	68	1280	136	50
51007	960	68	1120	136	50
51008	800	68	960	136	50
#lv3
51011	1120	136	1280	204	50
51012	960	136	1120	204	50
51013	800	136	960	204	50
#dagger
#left
50016	0	0	32	18	51
#right
51016	32	0	64	18	51


#mapID	filematrix map
[MAPMATRIX]

#MAP2
2	matrix-map-2.txt

# ani_id	sprite1_id	time1	sprite2_id	time2	...
[ANIMATIONS]


# ==== SIMON =========
#idle left
101	10001	100
#idle right
102	11001	100

#walk left
103	10001	100	10002	100	10003	100
#walk right
104	11001	100	11002	100	11003	100

#jump/duck left
105	10004	100
#jump/duck right
106	11004	100

#hurt left
107	10005	100
#hurt right
108	11005	100

#death left
109	10006	100
#death right
110	11006	100

#stair up left
111	10011	100	10012	100
#stair up right
112	11011	100	11012	100

#stair down left
113	10016	100	10017	100
#stair down right
114	11016	100	11017	100

#attack
#standing left
115	10021	100	10022	120	10023	130
#standing right
116	11021	100	11022	120	11023	130
#ducking left
117	10026	100	10027	120	10028	130
#ducking right
118	11026	100	11027	120	11028	130
#uping left
119	10031	100	10032	100	10033	100
#uping right
120	11031	100	11032	100	11033	100
#downing left
121	10036	100	10037	100	10038	100
#downing right
122	11036	100	11037	100	11038	100


# ==== FLOOR =========
201	20001	100

# ==== HOLDER =========
#fire pot
301	30001	100	30002	100
#candle
302	30006	100	30007	100
#break
303	30011	100	30012	100

# ==== ITEMS=========
#small heart
401	40001	100
#big heart
402	40002	100
#money bag
#red
406	40006	100
#white
407	40007	100
#blue
408	40008	100
#whip
#red
411	40011	100
#blue
412	40012	100
#dagger
416	40016	100
# ==== WEAPON =========
#whip
#left
501	50001	100	50002	120	50003	130
502	50006	100	50007	120	50008	130
503	50011	100	50012	120	50013	130
#right
511	51001	100	51002	120	51003	130
512	51006	100	51007	120	51008	130
513	51011	100	51012	120	51013	130
#dagger
#left
504	50016	100
#right
514	51016	100

#
# id	ani1	ani2	ani3
#
[ANIMATION_SETS]
# SIMON
1	101	102	103	104	105	106	107	108	109	110	111	112	113	114	115	116	117	118	119	120	121	122
# FLOOR 
2	201
# HOLDER
3	301	302	303
# ITEMS
4	401	402	406	407	408	411	412	416
#WEAPON
5	501	502	503	511	512	513	504	514

[OBJECTS]
# type	x	y	ani_set_id	extra_settings per object type
# type: 0 = Mario , 1 = Brick, 2 = Goomba, 3 = FirePot

# BRICK 
# --- platform (hint: I created the list using Excel!) ----
1	0	289	2
1	16	289	2
1	32	289	2
1	48	289	2
1	64	289	2
1	80	289	2
1	96	289	2
1	112	289	2
1	128	289	2
1	144	289	2
1	160	289	2
1	176	289	2
1	192	289	2
1	208	289	2
1	224	289	2
1	240	289	2
1	256	289	2
1	272	289	2
1	288	289	2
1	304	289	2
1	320	289	2
1	336	289	2
1	352	289	2
1	368	289	2
1	384	289	2
1	400	289	2
1	416	289	2
1	432	289	2
1	448	289	2
1	464	289	2
1	480	289	2
1	496	289	2
1	512	289	2
1	528	289	2
1	544	289	2
1	560	289	2
1	576	289	2
1	592	289	2
1	608	289	2
1	624	289	2
1	640	289	2
1	656	289	2
1	672	289	2
1	688	289	2
1	704	289	2
1	720	289	2
1	736	289	2
1	752	289	2
1	768	289	2
1	784	289	2
1	800	289	2
1	816	289	2
1	832	289	2
1	848	289	2
1	864	289	2
1	880	289	2
1	896	289	2
1	912	289	2
1	928	289	2
1	944	289	2
1	960	289	2
1	976	289	2
1	992	289	2
1	1008	289	2
1	1024	289	2
1	1040	289	2
1	1056	289	2
1	1072	289	2
1	1088	289	2
1	1104	289	2
1	1120	289	2
1	1136	289	2
1	1152	289	2
1	1168	289	2
1	1184	289	2
1	1200	289	2
1	1216	289	2
1	1232	289	2
1	1248	289	2
1	1264	289	2
1	1280	289	2
1	1296	289	2
1	1312	289	2
1	1328	289	2
1	1344	289	2
1	1360	289	2
1	1376	289	2
1	1392	289	2
1	1408	289	2
1	1424	289	2
1	1440	289	2
1	1456	289	2
1	1472	289	2


# ---- fire pot ----
#last number is type of item
3	178	224	3	1
3	434	224	3	5
3	690	224	3	5
3	946	224	3	1
3	1202	224	3	7

# ---- whip ----
#4	178	224	5

# SIMON
0	50.0	0	1

# --- SCENE PORTAL ----
# type	l	t	ani_set_id	r	b	scene_id
50	300	98	0	316	150	2

