# id	file_path	transparent_color_r	g	b
[TEXTURES]
0	textures\Simon.png	116	116	116
20	textures\misc.png	176	224	248
30	textures\texture-map-1.png 	255	255	255
31	textures\hit-effect.png	255	0	255
40	textures\holder.png	255	0	255

# id	left	top	right	bottom	texture_id
[SPRITES]
#MAP1
1001	0	0 	32	32	30
1002	32	0	64	32	30
1003	64	0	96	32	30
1004	96	0	128	32	30
1005	128	0	160	32	30
1006	160	0	192	32	30
1007	192	0	224	32	30
1008	224	0	256	32	30
1009	256	0	288	32	30
1010	288	0	320	32	30
1011	320	0	352	32	30
1012	352	0	384	32	30
1013	384	0	416	32	30
1014	416	0	448	32	30
1015	448	0	480	32	30
1016	480	0	512	32	30
1017	512	0	544	32	30
1018	0	32	32	64	30
1019	32	32	64	64	30 
1020	64	32	96	64	30
1021	96	32	128	64	30
1022	128	32	160	64	30
1023	160	32	192	64	30
1024	192	32	224	64	30
1025	224	32	256	64	30
1026	256	32	288	64	30
1027	288	32	320	64	30
1028	320	32	352	64	30
1029	352	32	384	64	30
1030	384	32	416	64	30
1031	416	32	448	64	30
1032	448	32	480	64	30
1033	480	32	512	64	30
1034	512	32	544	64	30
1035	0	64	32	96	30
1036	32	64	64	96	30
1037	64	64	96	96	30
1038	96	64	128	96	30
1039	128 	64	160	96	30
1040	160	64	192	96	30
1041	192	64	224	96	30
1042	224	64	256	96	30
1043	256	64	288	96	30
1044	288	64	320	96	30
1045	320	64	352	96	30
1046	352	64	384	96	30
1047	384	64	416	96	30
1048	416	64	448	96	30
1049	448	64	480	96	30
1050	480	64	512	96	30
1051	512	64	544	96	30
1052	0	96	32	128	30
1053	32	96	64	128	30
1054	64	96	96	128	30
1055	96	96	128	128	30
1056	128	96	160	128	30
1057	160	96	192	128	30
1058	192	96	224	128	30
1059	224	96	256	128	30
1060	256	96	288	128	30
1061	288	96	320	128	30
1062	320	96	352	128	30
1063	352	96	384	128	30
1064	384	96	416	128	30
1065	416	96	448	128	30
1066	448	96	480	128	30
1067	480	96	512	128	30
1068	512	96	544	128	30
# SIMON 
# right
# idle
11001	1581	22	1597	52	0
# walk
11002	1540	21	1552	52	0		
11003	1520	22	1535	52	0
#jump/duck
11010	1498	22	1514	45	0

#whip/use subweapon
#standing
11041	1573	79	1597	109	0
11042	1556	79	1572	109	0
11043	1531	80	1553	109	0
#ducking
11051	1427	79	1451	102	0
11052	1410	79	1426	102	0
11053	1385	80	1407	102	0

# left
# idle
10001	1	22	17	52	0
#walk
10002	46	21	58	52	0
10003	63	22	78	52	0
#jump/duck
10010	84	22	100	45	0

#whip/use subweapon
#standing
10041	1	79	25	109	0
10042	26	79	42	109	0
10043	45	80	67	109	0
#ducking
10051	147	79	171	102	0
10052	172	79	188	102	0
10053	191	80	213	102	0


#BRICK
20001	408	225	424	241	20


#FIREPOT
50001	0	0	32	64	40
50002	32	0	64	64	40
#effect
30011	0	0	16	20	31

#WEAPON
#whip
#left
#lv1
50001	1	485	9	509	10
50002	10	482	26	501	10
50003	27	485	51	493	10
#lv2
50011	61	485	69	509	10
50012	105	482	121	501	10
50013	156	487	180	493	10
#lv3
50021	61	485	69	509	10
50022	105	482	121	501	10
50023	222	487	262	493	10
#right
#lv1
51001	1589	485	1597	509	10
51002	1572	482	1588	501	10
51003	1547	485	1571	493	10
#lv2
51011	1529	485	1537	509	10
51012	1477	482	1493	501	10
51013	1418	487	1442	493	10
#lv3
51021	1529	485	1537	509	10
51022	1477	482	1493	501	10
51023	1336	487	1376	493	10

#mapID	filematrix map
[MAPMATRIX]

#MAP1
1	matrix-map-1.txt

# ani_id	sprite1_id	time1	sprite2_id	time2	...
[ANIMATIONS]


# ==== SIMON =========
#idle right
400	11001	100
#idle left
401	10001	100

#walking right
500	11001	100	11002	100	11003	100
#walking left
501	10001	100	10002	100	10003	100

#jump/duck right
510	11010	100
#jump/duck left
511	10010	100

#standing whip/use weapon right
520	11041	100	11042	100	11043	100
#standing whip/use weapon left
521	10041	100	10042	100	10043	100
#ducking whip/use weapon right
530	11051	100	11052	100	11053	100
#ducking whip/use weapon left
531	10051	100	10052	100	10053	100




# ==== BRICK =========
601	20001	100


# ==== FIREPOT  =========
801	50001	100	50002	100
#break
303	30011	100

# ==== WEAPON =========
#whip
#left
701	50001	200	50002	200	50003	200
702	50011	200	50012	200	50013	200
703	50021	200	50022	200	50023	200
#right
711	51001	200	51002	200	51003	200
712	51011	200	51012	200	51013	200
713	51021	200	51022	200	51023	200

#
# id	ani1	ani2	ani3
#
[ANIMATION_SETS]
# SIMON
1	400	401	500	501	510	511	520	521	530	531
# BRICK 
2	601
#WEAPON
11	701	702	703	711	712	713
# FIREPOT
4	801	303

[OBJECTS]
# type	x	y	ani_set_id	extra_settings per object type
# type: 0 = Mario , 1 = Brick, 2 = Goomba, 3 = FirePot
# SIMON
0	50.0	0	1

# BRICK 
# --- platform (hint: I created the list using Excel!) ----
1	0	150	2
1	16	150	2
1	32	150	2
1	48	150	2
1	64	150	2
1	80	150	2
1	96	150	2
1	112	150	2
1	128	150	2
1	144	150	2
1	160	150	2
1	176	150	2
1	192	150	2
1	208	150	2
1	224	150	2
1	240	150	2
1	256	150	2
1	272	150	2
1	288	150	2
1	304	150	2
1	320	150	2
1	336	150	2
1	352	150	2
1	368	150	2
1	384	150	2
1	400	150	2
1	416	150	2
1	432	150	2
1	448	150	2

# ---- fire pot ----
3	178	24	4
3	434	224	4
3	690	224	4
3	946	224	4
3	1202	224	4

# --- SCENE PORTAL ----
# type	l	t	ani_set_id	r	b	scene_id
# 50	300	98	0	316	150	2

