# id	file_path	transparent_color_r	g	b

[TEXTURES]
0	textures\mario.png	255	255	255
20	textures\misc.png	176	224	248
10	textures\enemies.png	3	26	110
30	textures\texture-map-1.png 	255	255	255

# id	left	top	right	bottom	texture_id
[SPRITES]
#MAP1
1001	0	0 	32	32	30
1002	32	0	64	32	30
1003	64	0	96	32	30
1004	96	0	128	32	30
1005	128	0	160	32	30
1006	160	0	192	32	30
1007	192	0	224	32	30
1008	224	0	256	32	30
1009	256	0	288	32	30
1010	288	0	320	32	30
1011	320	0	352	32	30
1012	352	0	384	32	30
1013	384	0	416	32	30
1014	416	0	448	32	30
1015	448	0	480	32	30
1016	480	0	512	32	30
1017	512	0	544	32	30
1018	0	32	32	64	30
1019	32	32	64	64	30 
1020	64	32	96	64	30
1021	96	32	128	64	30
1022	128	32	160	64	30
1023	160	32	192	64	30
1024	192	32	224	64	30
1025	224	32	256	64	30
1026	256	32	288	64	30
1027	288	32	320	64	30
1028	320	32	352	64	30
1029	352	32	384	64	30
1030	384	32	416	64	30
1031	416	32	448	64	30
1032	448	32	480	64	30
1033	480	32	512	64	30
1034	512	32	544	64	30
1035	0	64	32	96	30
1036	32	64	64	96	30
1037	64	64	96	96	30
1038	96	64	128	96	30
1039	128 	64	160	96	30
1040	160	64	192	96	30
1041	192	64	224	96	30
1042	224	64	256	96	30
1043	256	64	288	96	30
1044	288	64	320	96	30
1045	320	64	352	96	30
1046	352	64	384	96	30
1047	384	64	416	96	30
1048	416	64	448	96	30
1049	448	64	480	96	30
1050	480	64	512	96	30
1051	512	64	544	96	30
1052	0	96	32	128	30
1053	32	96	64	128	30
1054	64	96	96	128	30
1055	96	96	128	128	30
1056	128	96	160	128	30
1057	160	96	192	128	30
1058	192	96	224	128	30
1059	224	96	256	128	30
1060	256	96	288	128	30
1061	288	96	320	128	30
1062	320	96	352	128	30
1063	352	96	384	128	30
1064	384	96	416	128	30
1065	416	96	448	128	30
1066	448	96	480	128	30
1067	480	96	512	128	30
1068	512	96	544	128	30
# BIG MARIO  
# idle right
10001	246	154	260	181	0
# walk
10002	275	154	290	181	0		
10003	304	154	321	181	0
# idle left
10011	186	154	200	181	0
#walk
10012	155	154	170	181	0
10013	125	154	140	181	0
# die 
10099	215	120	231	135	0
# SMALL MARIO
# idle small right
10021	247	0	259	15	0
# walk
10022	275	0	291	15	0
10023	306	0	320	15	0
# idle small left
10031	187	0	198	15	0
# walk
10032	155	0	170	15	0
10033	125	0	139	15	0
#BRICK
20001	408	225	424	241	20
#GOOMBA
30001	5	14	21	29	10
30002	25	14	41	29	10
#die
30003	45	21	61	29	10

#brick with question mark animation
40001	300	117	316	133	20
40002	318	117	334	133	20
40003	336	117	352	133	20
40004	355	117	370	133	20

#mapID	filematrix map
[MAPMATRIX]

#MAP1
1	matrix-map-1.txt

# ani_id	sprite1_id	time1	sprite2_id	time2	...
[ANIMATIONS]

# ==== MARIO =========
#idle BIG right
400	10001	100
#idle BIG left
401	10011	100
#idle small right
402	10021	100
#idle small left
403	10031	100
#walk right big
500	10001	100	10002	100	10003	100
#walk left big
501	10011	100	10012	100	10013	100
#walk right small
502	10021	100	10022	100	10023	100
#walk left small
503	10031	100	10032	100	10033	100
#die
599	10099	100


# ==== BRICK =========
601	20001	100

# ==== QUESTION MARK BRICK =========
602	40001	1000	40001	100	40002	100	40003	100	40004	100


# ==== GOOMBA  =========
# walk
701	30001	100	30002	100
# die
702	30003	100


#
# id	ani1	ani2	ani3
#
[ANIMATION_SETS]
# MARIO
1	400	401	402	403	500	501	502	503	599
# BRICK 
2	601
# QUESTION MARK BRICK 
22	602
# GOOMBA
3	701	702

[OBJECTS]
# type	x	y	ani_set_id	extra_settings per object type
# type: 0 = Mario , 1 = Brick, 2 = Goomba
# MARIO
0	50.0	0	1

# GOOMBA
2	200	135	3
2	260	135	3
2	320	135	3
2	480	135	3
2	500	135	3

# BRICK 
# --- platform (hint: I created the list using Excel!) ----
1	0	150	2
1	16	150	2
1	32	150	2
1	48	150	2
1	64	150	2
1	80	150	2
1	96	150	2
1	112	150	2
1	128	150	2
1	144	150	2
1	160	150	2
1	176	150	2
1	192	150	2
1	208	150	2
1	224	150	2
1	240	150	2
1	256	150	2
1	272	150	2
1	288	150	2
1	304	150	2
1	320	150	2
1	336	150	2
1	352	150	2
1	368	150	2
1	384	150	2
1	400	150	2
1	416	150	2
1	432	150	2
1	448	150	2

# ---- brick group 1 ----
1	100	74	2
1	100	90	22
1	84	90	22

# ---- brick group 2 ----
1	160	74	2
1	160	90	22
1	144	90	22

# ---- brick group 3 ----
1	220	74	2
1	220	90	22
1	204	90	22

# --- SCENE PORTAL ----
# type	l	t	ani_set_id	r	b	scene_id
50	300	98	0	316	150	2

